0.5899847745895386 
0.5239445567131042 
0.34523075819015503 
0.27291572093963623 
0.27082523703575134 
0.24841216206550598 
0.34607264399528503 
0.22689934074878693 
0.24057239294052124 
0.2557578980922699 
0.22846010327339172 
0.21245016157627106 
0.26838916540145874 
0.24875016510486603 
0.23030543327331543 
0.22424274682998657 
0.22246456146240234 
0.21913349628448486 
0.22754357755184174 
0.2182406783103943 
0.23323488235473633 
0.2239844650030136 
0.20702823996543884 
0.2455267608165741 
0.18334919214248657 
0.2688278555870056 
0.22348853945732117 
0.20019738376140594 
0.17229929566383362 
0.22730086743831635 
0.2309236228466034 
0.2263551950454712 
0.2516475319862366 
0.2108801305294037 
0.2596210241317749 
0.21351408958435059 
0.20986813306808472 
0.17296749353408813 
0.19594690203666687 
0.20508356392383575 
0.21997205913066864 
0.17860066890716553 
0.2292332798242569 
0.17935925722122192 
0.20069974660873413 
0.17127472162246704 
0.19664421677589417 
0.19455279409885406 
0.17536768317222595 
0.17308485507965088 
0.18671804666519165 
0.22704696655273438 
0.1733609139919281 
0.18859374523162842 
0.2030652016401291 
0.1969289779663086 
0.1772325187921524 
0.16267096996307373 
0.18545329570770264 
0.1976260542869568 
0.16075102984905243 
0.18237195909023285 
0.17699724435806274 
0.17821073532104492 
0.14624904096126556 
0.19258296489715576 
0.1721532642841339 
0.19846728444099426 
0.16130119562149048 
0.18245434761047363 
0.1987641453742981 
0.1737045794725418 
0.163471058011055 
0.13703344762325287 
0.15998756885528564 
0.15305233001708984 
0.14149083197116852 
0.14597149193286896 
0.15041878819465637 
0.15432798862457275 
0.13549502193927765 
0.1364859640598297 
0.14725443720817566 
0.15352177619934082 
0.1549404114484787 
0.12623155117034912 
0.14787469804286957 
0.14878492057323456 
0.1315077841281891 
0.1376412808895111 
0.1367596983909607 
0.14314201474189758 
0.12676936388015747 
0.13898777961730957 
0.15083378553390503 
0.14567604660987854 
0.1351056694984436 
0.15309107303619385 
0.13059838116168976 
0.1500830352306366 
0.17303481698036194 
0.15360668301582336 
0.17782872915267944 
0.15128403902053833 
0.15761296451091766 
0.13668319582939148 
0.1361112743616104 
0.13566194474697113 
0.1297459453344345 
0.11761204153299332 
0.11615855991840363 
0.13843335211277008 
0.12124183773994446 
0.12957344949245453 
0.09686461091041565 
0.11566809564828873 
0.09244158864021301 
0.12263820320367813 
0.09684068709611893 
0.10068001598119736 
0.10538466274738312 
0.0878395214676857 
0.09265793114900589 
0.09586459398269653 
0.09820891916751862 
0.07517734169960022 
0.0971970185637474 
0.09889969229698181 
0.11483421176671982 
0.09637948125600815 
0.07923968881368637 
0.1068592295050621 
0.09723509848117828 
0.09166251868009567 
0.10187193751335144 
0.09509845077991486 
0.09576103091239929 
0.08794182538986206 
0.0929703563451767 
0.10245908051729202 
0.09611596167087555 
0.10291950404644012 
0.09463653713464737 
0.09891609847545624 
0.0784241259098053 
0.085873544216156 
0.08673445880413055 
0.08047963678836823 
0.06868840008974075 
0.08555789291858673 
0.09180274605751038 
0.09147941321134567 
0.08547428250312805 
0.08860248327255249 
0.06376126408576965 
0.08348338305950165 
0.0832039937376976 
0.08066989481449127 
0.09071438014507294 
0.06798626482486725 
0.07460153102874756 
0.08568105846643448 
0.09730125963687897 
0.10563609004020691 
0.07261651009321213 
0.0952492207288742 
0.09360255300998688 
0.08909973502159119 
0.08213680982589722 
0.09363432228565216 
0.09866410493850708 
0.07829449325799942 
0.0816204696893692 
0.08955240249633789 
0.0853613018989563 
0.08317312598228455 
0.06993690878152847 
0.08362311124801636 
0.07906559109687805 
0.06667891144752502 
0.0773409977555275 
0.08247074484825134 
0.09178110957145691 
0.08178261667490005 
0.07061116397380829 
0.07941178232431412 
0.07621285319328308 
0.08731430768966675 
0.07940445095300674 
0.06681530177593231 
0.06733982264995575 
0.08362306654453278 
0.10107769072055817 
0.06189381331205368 
0.07937778532505035 
0.07968252152204514 
0.0813646912574768 
0.08013058453798294 
0.10012421011924744 
0.06261888146400452 
0.08596308529376984 
0.07249687612056732 
0.09295700490474701 
0.07047590613365173 
0.07219360768795013 
0.06954754889011383 
0.07911321520805359 
0.08184636384248734 
0.07860001176595688 
0.07838627696037292 
0.0641571655869484 
0.06682460755109787 
0.06975360959768295 
0.08239030838012695 
0.08706746250391006 
0.0873088389635086 
0.08015251159667969 
0.07099179923534393 
0.06999741494655609 
0.06476092338562012 
0.07361571490764618 
0.057941243052482605 
0.08131237328052521 
0.06912755966186523 
0.07797719538211823 
0.07416996359825134 
0.07559940963983536 
0.06735498458147049 
0.07147550582885742 
0.07138057798147202 
0.06857404112815857 
0.07599689811468124 
0.08441382646560669 
0.05644809454679489 
0.07656490057706833 
0.07515232264995575 
0.065750852227211 
0.10517511516809464 
0.0569889098405838 
0.0750150978565216 
0.06626015156507492 
0.06904390454292297 
0.09007719159126282 
0.09068317711353302 
0.08101595193147659 
0.058931585401296616 
0.08206263184547424 
0.07537432760000229 
0.06679841876029968 
0.06783416122198105 
0.07286692410707474 
0.09082721173763275 
0.08015458285808563 
0.09194527566432953 
0.07700014114379883 
0.058988507837057114 
0.06998327374458313 
0.070171058177948 
0.07557686418294907 
0.05980168655514717 
0.051895126700401306 
0.07481492310762405 
0.07128287851810455 
0.059226736426353455 
0.07175957411527634 
0.06306977570056915 
0.06175093725323677 
0.061162155121564865 
0.06973645836114883 
0.06116576865315437 
0.07921257615089417 
0.0750141367316246 
0.07253554463386536 
0.07014437764883041 
0.0638769194483757 
0.05593996122479439 
0.06955461949110031 
0.06837530434131622 
0.06558472663164139 
0.0693615972995758 
0.06396031379699707 
0.05213748663663864 
0.06454747915267944 
0.0716744214296341 
0.06612642109394073 
0.07358594238758087 
0.05598525330424309 
0.08104276657104492 
0.05225570499897003 
0.07261030375957489 
0.06950698792934418 
0.0674128383398056 
0.060938261449337006 
0.05453304946422577 
0.06921319663524628 
0.06843061000108719 
0.05070016533136368 
0.06452351063489914 
0.05257962644100189 
0.03589344397187233 
0.06983977556228638 
0.05371420457959175 
0.053704895079135895 
0.06573720276355743 
0.06017410755157471 
0.06395576894283295 
0.06630562245845795 
0.06844530254602432 
0.06001167744398117 
0.06009017676115036 
0.04952162876725197 
0.05075867474079132 
0.05214884877204895 
0.05755308270454407 
0.06110977381467819 
0.054522670805454254 
0.0475088469684124 
0.054771848022937775 
0.06059972196817398 
0.06758283078670502 
0.05429558828473091 
0.05080745369195938 
0.05238084867596626 
0.0573672391474247 
0.06278631836175919 
0.049493856728076935 
0.06551975011825562 
0.0668053925037384 
0.059765905141830444 
0.047460705041885376 
0.05832740664482117 
0.047723520547151566 
0.058192744851112366 
0.05724872648715973 
0.05184806138277054 
0.04991453140974045 
0.051265742629766464 
0.05876275151968002 
0.07711911201477051 
0.03557511046528816 
0.05077523738145828 
0.0506107397377491 
0.059196390211582184 
0.06467681378126144 
0.05097394436597824 
0.04615955054759979 
0.05335969477891922 
0.05621665343642235 
0.05102914571762085 
0.04200766980648041 
0.04172016680240631 
0.0368298701941967 
0.06010627746582031 
0.0606977641582489 
0.05707895755767822 
0.0733095109462738 
0.07765989005565643 
0.04900875315070152 
0.0577845498919487 
0.05929994583129883 
0.05293211713433266 
0.045745350420475006 
0.05882123485207558 
0.04696235805749893 
0.05178777128458023 
0.04044061899185181 
0.04823262244462967 
0.05336226522922516 
0.036757808178663254 
0.050931669771671295 
0.05026889219880104 
0.05606621131300926 
0.06043732911348343 
0.05372367799282074 
0.06494267284870148 
0.06074208766222 
0.05784515291452408 
0.055293746292591095 
0.048967380076646805 
0.04662932828068733 
0.05435958877205849 
0.06101471185684204 
0.045776475220918655 
0.04937027022242546 
0.03882931172847748 
0.077628493309021 
0.03791707009077072 
0.036306608468294144 
0.0510144904255867 
0.03272433206439018 
0.046736180782318115 
0.04786558076739311 
0.0390663705766201 
0.046195004135370255 
0.04421602934598923 
0.03630349412560463 
0.04873187467455864 
0.04465227574110031 
0.03881335258483887 
0.05990859121084213 
0.058992281556129456 
0.05687004327774048 
0.04508461430668831 
0.041502680629491806 
0.04686395823955536 
0.06955468654632568 
0.05709456279873848 
0.03905043378472328 
0.061852019280195236 
0.03711992874741554 
0.04713903367519379 
0.049006134271621704 
0.054840363562107086 
0.05354473739862442 
0.03811325877904892 
0.04714737832546234 
0.05537545680999756 
0.0559479258954525 
0.056147586554288864 
0.036555953323841095 
0.05246627330780029 
0.05243740975856781 
0.06301222741603851 
0.04641382768750191 
0.04688427597284317 
0.06147288903594017 
0.052908480167388916 
0.0560169517993927 
0.05436284840106964 
0.046247947961091995 
0.04320673272013664 
0.04053930193185806 
0.042550429701805115 
0.05106833949685097 
0.050748780369758606 
0.0325368195772171 
0.045581553131341934 
0.03909299522638321 
0.04124199226498604 
0.04563815891742706 
0.031157370656728745 
0.03368797153234482 
0.04873453080654144 
0.04463966190814972 
0.057021014392375946 
0.05598777160048485 
0.04826803877949715 
0.03698518127202988 
0.04208669066429138 
0.038730014115571976 
0.04141388460993767 
0.039344049990177155 
0.03225797414779663 
0.032700315117836 
0.04333736002445221 
0.058790113776922226 
0.05318387970328331 
0.053567275404930115 
0.04101262986660004 
0.044992707669734955 
0.04011332243680954 
0.04672800377011299 
0.055390749126672745 
0.04312492907047272 
0.04593292251229286 
0.04168524965643883 
0.04606681317090988 
0.03533902019262314 
0.06690431386232376 
0.03933054953813553 
0.0439089871942997 
0.04410036653280258 
0.03285026177763939 
0.045532457530498505 
0.036533936858177185 
0.03868161141872406 
0.04546010494232178 
0.03703479468822479 
0.049556151032447815 
0.04029667750000954 
0.0515250638127327 
0.0511818453669548 
0.03694351017475128 
0.0516674667596817 
0.05160686373710632 
0.04483763873577118 
0.03936026245355606 
0.0347074456512928 
0.04190883785486221 
0.04690256714820862 
0.034686051309108734 
0.04330392926931381 
0.03747177869081497 
0.034987956285476685 
0.05438391864299774 
0.023972593247890472 
0.03306955844163895 
0.039582185447216034 
0.03675292432308197 
0.04182589426636696 
0.047017037868499756 
0.04933888465166092 
0.04759430140256882 
0.04396427050232887 
0.047805771231651306 
0.04272032156586647 
0.04803936183452606 
0.035886213183403015 
0.03997098281979561 
0.05335129424929619 
0.04876301810145378 
0.06610768288373947 
0.06593041867017746 
0.04325848072767258 
0.04565763473510742 
0.036231912672519684 
0.03494773805141449 
0.060059890151023865 
0.04213414713740349 
0.03997410833835602 
0.04291745647788048 
0.05295231565833092 
0.039832115173339844 
0.04149321839213371 
0.0380336232483387 
0.02829134091734886 
0.04598384350538254 
0.04373074695467949 
0.04970671236515045 
0.05378859117627144 
0.04084956645965576 
0.03407420217990875 
0.06149835139513016 
0.042346034198999405 
0.06256087869405746 
0.05268407613039017 
0.05937422811985016 
0.03916586562991142 
0.06114347651600838 
0.05551140755414963 
0.05246037244796753 
0.0395263247191906 
0.04512753710150719 
0.03623075410723686 
0.07469462603330612 
0.045040398836135864 
0.04901214689016342 
0.045965395867824554 
0.04508538544178009 
0.05529920756816864 
0.04421096295118332 
0.053437598049640656 
0.0342944860458374 
0.028659868985414505 
0.036528997123241425 
0.035813990980386734 
0.03259197622537613 
0.050802864134311676 
0.02533869445323944 
0.044968146830797195 
0.028021445497870445 
0.05255822837352753 
0.021404344588518143 
0.04326697438955307 
0.03816775977611542 
0.03041282296180725 
0.04142218083143234 
0.0390717014670372 
0.03829937428236008 
0.0330527126789093 
0.04200156778097153 
0.03868286684155464 
0.037172965705394745 
0.0374852754175663 
0.04918719828128815 
0.03189190849661827 
0.0434185266494751 
0.02496042102575302 
0.03968822956085205 
0.04426209256052971 
0.03936183452606201 
0.053826749324798584 
0.03812898322939873 
0.03596530109643936 
0.04949173331260681 
0.04567091166973114 
0.053881172090768814 
0.03747444599866867 
0.07044227421283722 
0.04077035188674927 
0.05751856043934822 
0.03588839992880821 
0.04538106173276901 
0.04746885597705841 
0.041363418102264404 
0.037651315331459045 
0.043357402086257935 
0.05768641084432602 
0.0431448295712471 
0.035037197172641754 
0.034797679632902145 
0.023431802168488503 
0.05394039303064346 
0.04074462875723839 
0.03933538496494293 
0.03610152006149292 
0.05781306326389313 
0.031979337334632874 
0.03693271055817604 
0.044706910848617554 
0.05100088566541672 
0.04995417594909668 
0.03610615432262421 
0.030025336891412735 
0.0445944219827652 
0.042134374380111694 
0.025563986971974373 
0.03948972746729851 
0.030376296490430832 
0.03263464570045471 
0.04854346066713333 
0.02681264653801918 
0.042833078652620316 
0.04465954750776291 
0.03523188456892967 
0.03833085671067238 
0.03733091056346893 
0.03284938260912895 
0.0305042564868927 
0.034366264939308167 
0.029478823766112328 
0.041085660457611084 
0.03817889839410782 
0.03222745656967163 
0.03343050554394722 
0.03370429202914238 
0.029772594571113586 
0.030719488859176636 
0.049463700503110886 
0.032989732921123505 
0.030822090804576874 
0.0383976548910141 
0.03686462715268135 
0.03806203976273537 
0.04543667286634445 
0.028123777359724045 
0.05232759565114975 
0.03547677397727966 
0.02367580495774746 
0.04380546137690544 
0.028426598757505417 
0.029983608052134514 
0.05091491714119911 
0.05220001935958862 
0.02762923762202263 
0.03964850306510925 
0.030879391357302666 
0.039275966584682465 
0.02506541833281517 
0.03053962253034115 
0.030420463532209396 
0.03850633278489113 
0.03297644853591919 
0.0437312088906765 
0.039109986275434494 
0.027132419869303703 
0.01643241196870804 
0.036297865211963654 
0.045518163591623306 
0.02656332217156887 
0.036206893622875214 
0.04420517385005951 
0.044805675745010376 
0.03039994090795517 
0.041373759508132935 
0.05574439465999603 
0.04129062220454216 
0.041670940816402435 
0.0422171913087368 
0.028837360441684723 
0.03461553156375885 
0.031471606343984604 
0.028154883533716202 
0.030193131417036057 
0.03519569709897041 
0.04367528483271599 
0.029283970594406128 
0.052446719259023666 
0.03673403710126877 
0.06860102713108063 
0.03227323666214943 
0.03172149509191513 
0.028435733169317245 
0.037030309438705444 
0.0335925929248333 
0.029992297291755676 
0.04936563968658447 
0.04613658785820007 
0.036147601902484894 
0.034475237131118774 
0.06134090572595596 
0.039408206939697266 
0.034866441041231155 
0.03371794894337654 
0.04006657749414444 
0.05916020646691322 
0.022943327203392982 
0.04298580810427666 
0.027393702417612076 
0.04225544258952141 
0.04472493380308151 
0.022605804726481438 
0.03476330265402794 
0.03717506676912308 
0.04230834171175957 
0.0333850271999836 
0.023954428732395172 
0.02454041689634323 
0.028432952240109444 
0.029592836275696754 
0.023720543831586838 
0.047293003648519516 
0.04045088589191437 
0.027914714068174362 
0.04182340204715729 
0.04324169456958771 
0.03384088724851608 
0.042239658534526825 
0.03596971929073334 
0.02924124151468277 
0.033126551657915115 
0.03946882486343384 
0.02725936472415924 
0.03441523388028145 
0.02770020067691803 
0.03342533856630325 
0.04908282309770584 
0.04359281808137894 
0.03335488215088844 
0.03982127457857132 
0.04189038649201393 
0.040375687181949615 
0.03643404319882393 
0.045585695654153824 
0.027215085923671722 
0.03070937469601631 
0.030610429123044014 
0.040364403277635574 
0.03982243686914444 
0.037729598581790924 
0.041590724140405655 
0.044250115752220154 
0.036900997161865234 
0.03311246633529663 
0.04883421212434769 
0.03850848972797394 
0.05129700154066086 
0.032102037221193314 
0.03283098712563515 
0.027606183663010597 
0.02880394086241722 
0.03273496404290199 
0.025354787707328796 
0.037972815334796906 
0.024392152205109596 
0.028757618740200996 
0.03439336642622948 
0.022690434008836746 
0.03992769494652748 
0.03342027962207794 
0.035471897572278976 
0.03628292679786682 
0.038613468408584595 
0.02725953608751297 
0.023867597803473473 
0.037280432879924774 
0.018621427938342094 
0.039353981614112854 
0.04159700125455856 
0.03492593765258789 
0.033677127212285995 
0.05677635222673416 
0.03510892018675804 
0.024437153711915016 
0.035521574318408966 
0.042620960623025894 
0.053480103611946106 
0.03820996731519699 
0.03595210611820221 
0.0373167060315609 
0.03359365835785866 
0.03057725541293621 
0.045041684061288834 
0.049582451581954956 
0.0447075180709362 
0.037239015102386475 
0.0575241856276989 
0.044772692024707794 
0.03943873196840286 
0.04081194847822189 
0.03959891200065613 
0.02865656092762947 
0.05160875618457794 
0.027905471622943878 
0.037180110812187195 
0.045207902789115906 
0.061395250260829926 
0.03589562699198723 
0.040823377668857574 
0.037719644606113434 
0.0423351526260376 
0.05558612197637558 
0.03626742213964462 
0.041407860815525055 
0.04856431856751442 
0.040784843266010284 
0.04789705201983452 
0.039341576397418976 
0.05461519584059715 
0.024920277297496796 
0.0232588779181242 
0.027700457721948624 
0.0398118831217289 
0.035004761070013046 
0.033626966178417206 
0.019274495542049408 
0.036851949989795685 
0.05242118239402771 
0.03564039245247841 
0.02884446457028389 
0.0322793573141098 
0.04480868577957153 
0.03910493850708008 
0.04199006408452988 
0.0349363312125206 
0.04152227193117142 
0.03505231812596321 
0.03748799115419388 
0.030476320534944534 
0.051232997328042984 
0.0324091911315918 
0.039194680750370026 
0.06811122596263885 
0.027254430577158928 
0.03389472886919975 
0.037068095058202744 
0.038654591888189316 
0.0389912948012352 
0.033437248319387436 
0.03392573818564415 
0.04245207831263542 
0.030662376433610916 
0.05004660785198212 
0.03783981502056122 
0.025691667571663857 
0.0362740084528923 
0.04315420240163803 
0.03065628558397293 
0.04704621434211731 
0.030839305371046066 
0.04087335616350174 
0.04190587252378464 
0.04432997852563858 
0.037408679723739624 
0.03175164759159088 
0.04450426250696182 
0.05232195183634758 
0.04079185053706169 
0.04052796587347984 
0.041178587824106216 
0.03312448039650917 
0.0446772575378418 
0.03702878952026367 
0.03893306478857994 
0.03499259799718857 
0.033937495201826096 
0.03463256359100342 
0.031097352504730225 
0.040496814996004105 
0.0428166426718235 
0.0377044677734375 
0.037557777017354965 
0.04127154126763344 
0.03288659080862999 
0.03572438657283783 
0.034500934183597565 
0.029863279312849045 
0.032867953181266785 
0.03668142855167389 
0.03178787976503372 
0.030664321035146713 
0.03987659141421318 
0.039349041879177094 
0.03271530941128731 
0.04328462481498718 
0.0646132305264473 
0.05313963443040848 
0.022429155185818672 
0.04515727981925011 
0.026151321828365326 
0.052223626524209976 
0.044414401054382324 
0.0368892066180706 
0.05355650559067726 
0.03735095635056496 
0.032889872789382935 
0.029479527845978737 
0.04592745378613472 
0.028998712077736855 
0.03393954411149025 
0.033168062567710876 
0.04947947338223457 
0.03712150454521179 
0.033137232065200806 
0.045361075550317764 
0.03720411658287048 
0.04253491759300232 
0.039246492087841034 
0.03775983676314354 
0.035699617117643356 
0.03902797773480415 
0.04054027423262596 
0.031228121370077133 
0.049931593239307404 
0.02727874368429184 
0.04096187651157379 
0.02846098318696022 
0.048594143241643906 
0.038191504776477814 
0.05074368044734001 
0.03173888102173805 
0.06728080660104752 
0.031902238726615906 
0.034346967935562134 
0.03241414949297905 
0.02399221807718277 
0.02874981425702572 
0.03962278738617897 
0.03356499969959259 
0.057449664920568466 
0.04759956896305084 
0.043489549309015274 
0.0321703664958477 
0.029506247490644455 
0.03753300756216049 
0.051060184836387634 
0.04020676761865616 
0.04314383864402771 
0.03071403317153454 
0.024895573034882545 
0.04059279337525368 
0.020105920732021332 
0.027871601283550262 
0.03802483528852463 
0.022805076092481613 
0.028386879712343216 
0.03749982267618179 
0.04223855957388878 
0.03277905657887459 
0.04276223108172417 
0.03772415593266487 
0.04201743006706238 
0.03080424852669239 
0.027262642979621887 
0.035691168159246445 
0.022107232362031937 
0.05406004935503006 
0.029960647225379944 
0.033503931015729904 
0.037397656589746475 
0.04410649091005325 
0.04228537157177925 
0.04976672679185867 
0.036962129175662994 
0.035885896533727646 
0.03659066930413246 
0.0449734665453434 
0.05279048904776573 
0.06232193857431412 
0.03332942724227905 
0.03957181051373482 
0.048245929181575775 
0.04971577972173691 
0.049728475511074066 
0.028384845703840256 
0.04289756342768669 
0.03273855894804001 
0.04058640077710152 
0.03474460542201996 
0.0372803695499897 
0.04304348677396774 
0.048894960433244705 
0.05124586075544357 
0.044948454946279526 
0.041853487491607666 
0.05298469588160515 
0.04190027341246605 
0.03872116655111313 
0.03823630511760712 
0.035839296877384186 
